---------------------  1982  ---------------------


--------------------- JANUARY ---------------------
Mon	Tue	Wed	Thu	Fri	Sat	Sun	
 	 	 	 	1	2	3	
4	5	6	7	8	9	10	
11	12	13	14	15	16	17	
18	19	20	21	22	23	24	
25	26	27	28	29	30	31	

--------------------- FEBRUARY ---------------------
Mon	Tue	Wed	Thu	Fri	Sat	Sun	
1	2	3	4	5	6	7	
8	9	10	11	12	13	14	
15	16	17	18	19	20	21	
22	23	24	25	26	27	28	

--------------------- MARCH ---------------------
Mon	Tue	Wed	Thu	Fri	Sat	Sun	
1	2	3	4	5	6	7	
8	9	10	11	12	13	14	
15	16	17	18	19	20	21	
22	23	24	25	26	27	28	
29	30	31	

--------------------- APRIL ---------------------
Mon	Tue	Wed	Thu	Fri	Sat	Sun	
 	 	 	1	2	3	4	
5	6	7	8	9	10	11	
12	13	14	15	16	17	18	
19	20	21	22	23	24	25	
26	27	28	29	30	

--------------------- MAY ---------------------
Mon	Tue	Wed	Thu	Fri	Sat	Sun	
 	 	 	 	 	1	2	
3	4	5	6	7	8	9	
10	11	12	13	14	15	16	
17	18	19	20	21	22	23	
24	25	26	27	28	29	30	
31	

--------------------- JUNE ---------------------
Mon	Tue	Wed	Thu	Fri	Sat	Sun	
 	1	2	3	4	5	6	
7	8	9	10	11	12	13	
14	15	16	17	18	19	20	
21	22	23	24	25	26	27	
28	29	30	

--------------------- JULY ---------------------
Mon	Tue	Wed	Thu	Fri	Sat	Sun	
 	 	 	1	2	3	4	
5	6	7	8	9	10	11	
12	13	14	15	16	17	18	
19	20	21	22	23	24	25	
26	27	28	29	30	31	

--------------------- AUGUST ---------------------
Mon	Tue	Wed	Thu	Fri	Sat	Sun	
 	 	 	 	 	 	1	
2	3	4	5	6	7	8	
9	10	11	12	13	14	15	
16	17	18	19	20	21	22	
23	24	25	26	27	28	29	
30	31	

--------------------- SEPTEMBER ---------------------
Mon	Tue	Wed	Thu	Fri	Sat	Sun	
 	 	1	2	3	4	5	
6	7	8	9	10	11	12	
13	14	15	16	17	18	19	
20	21	22	23	24	25	26	
27	28	29	30	

--------------------- OCTOBER ---------------------
Mon	Tue	Wed	Thu	Fri	Sat	Sun	
 	 	 	 	1	2	3	
4	5	6	7	8	9	10	
11	12	13	14	15	16	17	
18	19	20	21	22	23	24	
25	26	27	28	29	30	31	

--------------------- NOVEMBER ---------------------
Mon	Tue	Wed	Thu	Fri	Sat	Sun	
1	2	3	4	5	6	7	
8	9	10	11	12	13	14	
15	16	17	18	19	20	21	
22	23	24	25	26	27	28	
29	30	

--------------------- DECEMBER ---------------------
Mon	Tue	Wed	Thu	Fri	Sat	Sun	
 	 	1	2	3	4	5	
6	7	8	9	10	11	12	
13	14	15	16	17	18	19	
20	21	22	23	24	25	26	
27	28	29	30	31	

-----------------------------------------------------



---------------------  2008  ---------------------


This year is a leap year

--------------------- JANUARY ---------------------
Mon	Tue	Wed	Thu	Fri	Sat	Sun	
 	1	2	3	4	5	6	
7	8	9	10	11	12	13	
14	15	16	17	18	19	20	
21	22	23	24	25	26	27	
28	29	30	31	

--------------------- FEBRUARY ---------------------
Mon	Tue	Wed	Thu	Fri	Sat	Sun	
 	 	 	 	1	2	3	
4	5	6	7	8	9	10	
11	12	13	14	15	16	17	
18	19	20	21	22	23	24	
25	26	27	28	29	

--------------------- MARCH ---------------------
Mon	Tue	Wed	Thu	Fri	Sat	Sun	
 	 	 	 	 	1	2	
3	4	5	6	7	8	9	
10	11	12	13	14	15	16	
17	18	19	20	21	22	23	
24	25	26	27	28	29	30	
31	

--------------------- APRIL ---------------------
Mon	Tue	Wed	Thu	Fri	Sat	Sun	
 	1	2	3	4	5	6	
7	8	9	10	11	12	13	
14	15	16	17	18	19	20	
21	22	23	24	25	26	27	
28	29	30	

--------------------- MAY ---------------------
Mon	Tue	Wed	Thu	Fri	Sat	Sun	
 	 	 	1	2	3	4	
5	6	7	8	9	10	11	
12	13	14	15	16	17	18	
19	20	21	22	23	24	25	
26	27	28	29	30	31	

--------------------- JUNE ---------------------
Mon	Tue	Wed	Thu	Fri	Sat	Sun	
 	 	 	 	 	 	1	
2	3	4	5	6	7	8	
9	10	11	12	13	14	15	
16	17	18	19	20	21	22	
23	24	25	26	27	28	29	
30	

--------------------- JULY ---------------------
Mon	Tue	Wed	Thu	Fri	Sat	Sun	
 	1	2	3	4	5	6	
7	8	9	10	11	12	13	
14	15	16	17	18	19	20	
21	22	23	24	25	26	27	
28	29	30	31	

--------------------- AUGUST ---------------------
Mon	Tue	Wed	Thu	Fri	Sat	Sun	
 	 	 	 	1	2	3	
4	5	6	7	8	9	10	
11	12	13	14	15	16	17	
18	19	20	21	22	23	24	
25	26	27	28	29	30	31	

--------------------- SEPTEMBER ---------------------
Mon	Tue	Wed	Thu	Fri	Sat	Sun	
1	2	3	4	5	6	7	
8	9	10	11	12	13	14	
15	16	17	18	19	20	21	
22	23	24	25	26	27	28	
29	30	

--------------------- OCTOBER ---------------------
Mon	Tue	Wed	Thu	Fri	Sat	Sun	
 	 	1	2	3	4	5	
6	7	8	9	10	11	12	
13	14	15	16	17	18	19	
20	21	22	23	24	25	26	
27	28	29	30	31	

--------------------- NOVEMBER ---------------------
Mon	Tue	Wed	Thu	Fri	Sat	Sun	
 	 	 	 	 	1	2	
3	4	5	6	7	8	9	
10	11	12	13	14	15	16	
17	18	19	20	21	22	23	
24	25	26	27	28	29	30	

--------------------- DECEMBER ---------------------
Mon	Tue	Wed	Thu	Fri	Sat	Sun	
1	2	3	4	5	6	7	
8	9	10	11	12	13	14	
15	16	17	18	19	20	21	
22	23	24	25	26	27	28	
29	30	31	

-----------------------------------------------------



